[
4932541886,
5848284425,
6146158999,
636000766,
6425865102,
3302416252,
9264380788,
3910042885,
6894368174,
103699656,
6270203553,
5205612009,
3489640285,
5287131401,
2440826213,
6363499073,
8312635270,
7186827140,
5187128714,
6684448582,
3365975111,
857725592,
8443128100,
4700452492,
9074974581,
7978517144,
9021006366,
7659303339,
3045153496,
4932027688,
6799640050,
3765887921,
9585377034,
3261137849,
3632716172,
8377654164,
3498289974,
7525039547,
5243195620,
8315734792,
6120167384,
3597204043,
4939285302,
9160634326,
8546423179,
4002451783,
11396550,
6199608829,
3168741071,
6878068797,
1560941640,
2524404767,
2711541967,
9659923167,
3479231240,
8213517089,
1547915444,
4971308655,
7696345797,
5257650244,
471310627,
4135315175,
2721771127,
8782402468,
3631044652,
4671793363,
6152912426,
6048781266,
7983158068,
1891545300,
5847288341,
7504730058,
8322356199,
9798588473,
3361108794,
4597863419,
7450039608,
1606237745,
9774366688,
2497163254,
6237536195,
3309605779,
3401464272,
1288890493,
8492737977,
8907217183,
5083628068,
4905038437,
2340500484,
6145170067,
8114238257,
9322959712,
2483156712,
9150671469,
3539899738,
3918734720,
5709442480,
1342408615,
5005446022,
7485240353,
5740198930,
3005316274,
7256004114,
723787451,
5078071894,
9164749333,
5757345643,
785560145,
4625919332,
2321539661,
5647408951,
6430332109,
9988113075,
2890771075,
6353426537,
2577766600,
4557342304,
6980565503,
8000272286,
8464309693,
9604989636,
9952040074,
8890989736,
6614863004,
475871408,
9971340639,
9442145186,
6604542649,
1919741824,
139453306,
3733192475,
4082204419,
8905685778,
4394130095,
9918707011,
2613067199,
6314574380,
1724457462,
4070724984,
7957678705,
3443663670,
5879588144,
9074720340,
8180835350,
3344246140,
6165504863,
8574338087,
3232475834,
4927307945,
4135251260,
2640512253,
5525702659,
4562308230,
2515000293,
6466149715,
1193191015,
3494407128,
4647436215,
9554510991,
7609709619,
3896368968,
223521682,
3966161562,
5897122843,
8553716097,
534337977,
2767534184,
9044457654,
1629868760,
493975169,
8994429903,
6014774068,
9510896508,
3760403053,
5974896464,
132478530,
6943081255,
6511579590,
1083553425,
6353650072,
5720674192,
3865793374,
9047002458,
8986944145,
2779587330,
6961780411,
7631902927,
1650656310,
7350035205,
8592828997,
4621777504,
5278900568,
2828769925,
9956589871,
8914594224,
7352521010,
2027275421,
6299438810,
5031258152,
4427754863,
7357199550,
2882267674,
8110801993,
1185965972,
4199805190,
7867915847,
9793468062,
6084784176,
8923367950,
8650892567,
5905410481,
8619393345,
5840209623,
6234257763,
3100256405,
8166712562,
438535885,
1011931747,
4047195257,
8673373786,
4273109978,
6504291390,
8776624019,
5701328093,
7428702570,
6770206812,
353368037,
1538428856,
1266502417,
7214714422,
3156824382,
4610870655,
5258652695,
7680718030,
7422480437,
429581698,
6608521620,
1345073519,
3573925082,
22321518,
2318546486,
621881462,
57106102,
8957682536,
4929120333,
8748709688,
323090391,
7917652022,
9911744359,
8299476409,
4684743429,
3709926347,
5073414705,
4753875921,
1076491451,
5075177573,
5322451945,
6305330770,
1446969423,
8098436974,
7498118737,
6281502717,
7136452233,
6527923868,
8226808533,
3178870922,
470086038,
9447118829,
5948811616,
6962821271,
1534512763,
9527474355,
1201009462,
8068218479,
682879629,
9528815926,
5381089125,
745823836,
3300359707,
2958117932,
2481839085,
473316842,
51751639,
5367555243,
9168557320,
7283810282,
3212802049,
2926152036,
6019983567,
1695492553,
5571535845,
7070475984,
5891607131,
6386918883,
5657909279,
5317117371,
5903350812,
5769777706,
3512133107,
8950652597,
7633401605,
9273814011,
5123181666,
1119176129,
1249104472,
6155774602,
2984317193,
8632748818,
2973999792,
5875970734,
1085765839,
1052885244,
3293912990,
3949379591,
3038064339,
9111888384,
7727378132,
4686503063,
2784894830,
5927831702,
183353403,
690192656,
879583098,
4324092797,
3034205232,
5000204790,
9953620488,
4026583407,
5503674384,
1373761565,
4624495419,
7595329583,
7721776166,
4800249175,
8537800718,
3329866068,
6926101081,
7506272300,
6189690848,
8110289174,
2258726317,
9362726217,
2871043490,
9876491079,
6892883304,
872791388,
8766561720,
464268258,
1694321968,
3278181786,
5777755732,
6307707090,
9854351680,
5934422242,
4951002372,
3950161306,
2199613402,
6822057037,
9882480105,
9489216225,
9196739361,
4962507411,
277310865,
1250060205,
4742180116,
7088950095,
6116851081,
8895782749,
3745205868,
4281573948,
3198094109,
6905754819,
541769374,
3304861417,
2651807476,
7523266305,
8417718642,
6236663576,
9852835696,
6256305575,
7931345322,
2068450026,
1554059714,
2308067543,
6809189178,
9022350818,
3552725317,
9878584505,
807337034,
9283442765,
6410482789,
9188088914,
2907856675,
1495244752,
2255617810,
3250261026,
5851172852,
6674660409,
5211426730,
2141534317,
4623317531,
6828528603,
2610766888,
236936797,
950889334,
8356058566,
4260483034,
3515470384,
7897063346,
1108988864,
7027008307,
9628184707,
5928122120,
5295402699,
1231509846,
4994261302,
9230841616,
837988633,
5674187132,
6334701680,
3093174317,
7513522868,
3371547842,
2685563304,
9806203993,
258876932,
8178707008,
7307341716,
9462043116,
8730782936,
6423670873,
3055841440,
1791756053,
5241867988,
6047144024,
9105185672,
1775718383,
7542714754,
9890185874,
8612153273,
9103657904,
9120687709,
5928798641,
2706887134,
7482362051,
4025791217,
8801172891,
5744809497,
408716398,
9552713865,
4607937268,
1974970159,
1632115399,
7367124705,
6406298620,
3271735333,
887141924,
3586335126,
5978451132,
1135383961,
8917365933,
9638937027,
6818573938,
3285928856,
1494595146,
4401607350,
4025930998,
458850149,
5525259775,
8838753396,
9031974079,
8772307606,
8257709025,
2730402347,
4236047035,
7932949324,
391411713,
3114845531,
5238559425,
7129089395,
6689243804,
1961953039,
4984783254,
3425848652,
3835101960,
3555778741,
8721148538,
8362781106,
5503303667,
5926525188,
8091780011,
4464222829,
8243753126,
1048714048,
1358605418,
7289995193,
2767218063,
1974943242,
9894303450,
7985267758,
5985432806,
5714378644,
9558351926,
945491613,
2238089164,
5331126788,
8741784474,
6465474279,
8299599120,
9570012058,
8754416948,
6234879887,
4605858828,
7630224740,
628249666,
7162718290,
2770911530,
8661193436,
8248613493,
700350181,
424924720,
6376022820,
9918577097,
9418123538,
1706962896,
4606472923,
569752315,
3964581368,
5313686261,
430663280,
4676092380,
6656553873,
7283367543,
4431691815,
7003210400,
3139887966,
2878160409,
5012609751,
4761930355,
2938728752,
1408083287,
9253120766,
1338826013,
5238761098,
6116658361,
4914252732,
2194601065,
8440101659,
3113545779,
97585070,
283887841,
5845123376,
7015412382,
419713318,
2979543184,
6641574755,
2855978527,
481091352,
7562298063,
9956513462,
8382700440,
6641560638,
196672052,
9098649569,
757576788,
9167766506,
2135806419,
5002702278,
349300216,
2829511812,
8655801947,
6589415272,
4937952641,
5250791251,
9263787165,
754291056,
704466238,
470918269,
7532642383,
1100038146,
390612966,
7311221907,
9967058714,
5522297990,
6826169436,
4868544484,
9466217073,
2657618637,
658778678,
4371516040,
7822072101,
5368864498,
8274114967,
8728070578,
3239199719,
2012441866,
8414408090,
5567233479,
7926272293,
2645646430,
4258614249,
5614134957,
9991574761,
5336878413,
8373984932,
477505590,
6750914352,
546230396,
7455744070,
25394094,
6575802458,
2476577030,
7389992210,
3008205609,
6313528373,
4191071035,
3326863996,
1936261499,
6980548207,
331112325,
9692202622,
1482663195,
6900174319,
975623631,
3174677602,
8627845759,
8568138607,
5576105499,
426162813,
7211835448,
2756203026,
7957460223,
9424786195,
2465376608,
4826716699,
6939629800,
8830108032,
8054711896,
4059161800,
5168141037,
8570322869,
2597114515,
4750806658,
6761748944,
3252897929,
6707364488,
2289583230,
921089744,
4070158041,
7280275136,
3283157340,
8895512917,
2730818957,
5010650165,
7314743751,
3123144980,
4365074459,
7801412303,
4500278850,
7417713695,
9907502626,
4939677734,
4880726013,
1901085462,
5051325089,
9079655118,
3184730944,
9455738567,
4883633342,
9950723953,
546318063,
4114726952,
3740151312,
2446407075,
1740539380,
866536065,
7323554076,
9772584313,
2064034139,
5203662026,
5010468679,
4795342937,
310401577,
9065835321,
820956584,
8850502494,
4148796973,
1586731623,
7493065862,
1546324173,
6628592561,
5765317657,
8510668579,
8844370290,
7019322754,
7015167719,
3095590862,
6364706915,
5180636334,
5164993507,
3120736755,
9616656927,
5447281101,
3079458016,
4308172013,
5234715810,
3632668508,
1460831201,
3429066129,
1446911550,
3825336818,
8098657216,
4722800326,
231433582,
7628661343,
9724963903,
4552815989,
5122170041,
7853995489,
383902814,
5025786570,
2788469024,
5474075333,
976545425,
2178274849,
771732514,
9531813225,
7552792649,
6764190716,
9266876244,
1781124750,
7280838726,
9412890040,
1114130282,
4576757129,
4680297557,
6921830721,
2676611453,
3992362283,
2718120467,
9170396774,
7562273811,
5869599296,
9210173868,
3297741307,
8426337500,
262740005,
4124075527,
4947732573,
214571714,
1315091637,
9780604720,
284750814,
2758013032,
2940952257,
6911521967,
3734443099,
2381615322,
4371605037,
7358569055,
329517046,
8848624324,
9720909846,
7347277477,
8759625848,
285669602,
2600823771,
1677351056,
8394527027,
2421537871,
8465899912,
8410373927,
7468712758,
1982796912,
4013024467,
9453448324,
9973027318,
6569257521,
6282936001,
8722862121,
6641475667,
7085272937,
2389501343,
4477672765,
2288009459,
8787245435,
5003422981,
3668197438,
6144276807,
5893769910,
8465898783,
9167195208,
3857949781,
8962568086,
4575745458,
7154965202,
9034476452,
3955540403,
3141570350,
9343175621,
1995221050,
3071653920,
253943651,
8445274173,
3302097101,
1148640374,
7444360812,
8107724822,
8137089877,
7554815558,
1087188185,
8711784255,
1774392257,
2747922139,
5116802108,
366525038,
2593800921,
5103567198,
9824436459,
6123918571,
9842851574,
666623747,
9244599835,
5227193880,
6146427098,
4725627814,
6749074972,
2526790645,
8808322678,
7344408732,
8469668960,
3568319951,
1386524131,
3117804886,
3568514598,
7786605368,
6089380953,
2803300136,
5128987564,
3338309184,
366921233,
185950282,
1090109629,
8204927051,
1300602561,
3296107254,
4487622692,
2199199312,
4016630071,
4322880401,
3200886396,
272780006,
1115615178,
2736968545,
4319739535,
3428271466,
3542962138,
7234013010,
8922529136,
4075463347,
4302642840,
7715255597,
9158183265,
4759972655,
3845360276,
1189567538,
8991760880,
65922371,
8657839038,
6930407644,
6217601527,
7259028278,
2603548680,
9805232755,
4164308452,
7990568506,
5902540757,
2720799386,
9150457574,
6521621555,
5503933062,
3256788412,
1976430142,
1964713103,
6684555764,
9481929976,
6612101548,
5467762057,
340544516,
6767452768,
1930856545,
1338973575,
2144663983,
2780709327,
6259989723,
7375150900,
3519323444,
9762540211,
3619242738,
9592420546,
6117646050,
3071203625,
1315541544,
8187319636,
630977375,
3386226496,
667529154,
5219935331,
3775175188,
853446435,
3033446598,
5498646987,
7371804058,
7245435416,
7261791545,
6016037914,
2220956207,
8519986800,
2822170195,
2525779709,
4077932423,
8113546972,
953620832,
4661612424,
2043614487,
560084842,
5528698705,
3475635164,
7345673049,
7917584815,
6269876648,
5459599531,
7325242453,
3635745295,
60080426,
3319559841,
6240600827,
5282320893,
2090193178,
2680145400,
8277829479,
5681507569,
2379196831,
4795133785,
2949117973,
7883415593,
9090156941,
4995185144,
5726436641,
3860841318,
4961376959,
1153878125,
3142656959,
9119292508,
232726035,
8538648635,
322203149,
8643523761,
8164209881,
453433516,
8279126736,
8069410016,
1650367313,
8576548491,
6570156782,
4499585983,
2701628609,
3962349837,
9728002003,
70578915,
21218736,
6662967448,
2157125723,
8324774021,
202169988,
6306658082,
5734103123,
5618034835,
6568964030,
9513842774,
5637916506,
5712470095,
3961667242,
2012828064,
2804445355,
2464471213,
4559158891,
9016360630,
4187270618,
2927062175,
1629628664,
6373382490,
2000294743,
4953724729,
1050955141,
370657428,
1611575729,
6459914405,
776924601,
1652259760
]